000000000000000000000000000000
000000000000020000000000000000
000100000000000000000000000000
000000000000000000000001000000
000000000000001000000000000000
000000000000000000000000000000
000000000000000000000000000000
000000002000000000002000000000
000000000000000000000000000000
000000000000000000000000000000
000010000000020000000100000000
000000000000000000000000000000
000000000000000000000000000000
000000000000010000000000000000
000000000000000000000000000000
000002000000000000000000200000
000000000000000000000000000000
000000000000000000000000000000
000000010000000000000001000000
000000000000000000000000000000
000000000000000000000000000000
000000000000000200000000000000
000000000000000000000000000000